0 0.969174 0.132965 0.0116611 0.192741 0.040488 0.244419 0.405164 0.398127 0.257246 0.207977 0.0917544 0.245898 0.252642 0.439392 0.454588 0.462212 0.36892 0.363238 0.452785 0.452074 0.386551 0.319269 0.305298 0.098249 0.0618214 0.218045 0.185883 0.186754 0.181869 0.163576 0.117962 0.801855 0.628877 0.0954652 0.0517923 0.142852 0.160164 0.18029 0.175287 0.186856 0.0915903 0.0721938 0.065891 0.0778106 0.04316 0.160879 0.1744 0.187605 0.299728 0.366217 0.710842 0.527641 0.413727 0.427427 0.0328805 0.0381364 0.0380029 0.0428827 0.0538779 0.313239 0.350723 0.352057 0.381767 0.835958 0.660278 0.612604 0.45333 0.256015 0.126503 0.107007 0.0762413 0.0491185 0.223377 0.66857 0.545997 0.434084 0.290115 0.0655492 0.0885265 0.141528 0.271354 0.447446 0.522891 0.544193 0.71637 0.723846 0.66843 0.553269 0.5495 0.371045 0.160159 0.14925 0.0467581 0.129266 0.296087 0.801704 0.746753 0.418602 0.419285 0.182265 0.0127331 0.0762599 0.025288 0.0124185 0.195478 0.0835778 0.277981 0.588328 0.700688 0.735545 0.581767 0.19081 0.435111 0.310351 0.232408 0.0575166 0.0214425 0.0771905 0.0233293 0.0600683 0.0640109 0.0790588 0.17453 0.277334 0.31141 0.176485 0.237587 
0.969174 0 0.151883 0.00329084 0.195025 0.038191 0.229293 0.393385 0.387106 0.235404 0.189945 0.0723647 0.235433 0.242463 0.431934 0.448496 0.454272 0.353705 0.354087 0.437472 0.438241 0.374151 0.313062 0.299596 0.0891025 0.0724831 0.204476 0.172557 0.172885 0.16812 0.146351 0.102056 0.81074 0.646392 0.111539 0.0698712 0.127526 0.146387 0.165145 0.160102 0.171375 0.0742789 0.0557371 0.0485501 0.0603772 0.0316269 0.172799 0.186355 0.199565 0.305175 0.372011 0.70399 0.526477 0.419227 0.43754 0.0433174 0.0486785 0.0488109 0.0519668 0.0608076 0.317106 0.355908 0.355756 0.388133 0.838553 0.672646 0.606498 0.460771 0.260388 0.133047 0.112878 0.0857947 0.0522747 0.223034 0.674348 0.547244 0.43156 0.300734 0.0793072 0.0944957 0.151711 0.278633 0.461301 0.530454 0.551375 0.723607 0.731193 0.679082 0.558951 0.555374 0.381804 0.165023 0.15492 0.0525292 0.132007 0.296879 0.805892 0.75295 0.421403 0.425144 0.181531 0.0183635 0.0687383 0.0181105 0.00697043 0.211469 0.0790807 0.265298 0.580091 0.696344 0.725869 0.584597 0.188383 0.443042 0.312466 0.233939 0.0635086 0.0234266 0.0746737 0.0176697 0.0536504 0.0589227 0.104375 0.178477 0.267579 0.313853 0.170152 0.231513 
0.132965 0.151883 0 0.385035 0.102873 0.0033213 0.0411796 0.0984762 0.0902987 0.156555 0.173406 0.215649 0.204029 0.199848 0.0961097 0.0976019 0.0895556 0.0159012 0.0875456 0.0737233 0.107921 0.0501513 0.222135 0.224492 0.227325 0.0655409 0.294018 0.265761 0.299874 0.260825 0.291381 0.30782 0.274233 0.351563 0.358763 0.267707 0.289993 0.306104 0.280664 0.277701 0.27245 0.261272 0.257747 0.286588 0.282896 0.168861 0.230707 0.218968 0.237364 0.266271 0.286478 0.213547 0.234476 0.167952 0.232892 0.12098 0.122434 0.118945 0.108745 0.157253 0.225565 0.22541 0.235344 0.261661 0.235394 0.221511 0.146072 0.157459 0.15425 0.103975 0.102389 0.194238 0.0636097 0.160626 0.179434 0.0575866 0.158872 0.170628 0.217949 0.104148 0.181569 0.124806 0.212147 0.072963 0.0793811 0.145977 0.227526 0.163018 0.0923073 0.0821982 0.116329 0.181779 0.178597 0.187042 0.129919 0.105226 0.211139 0.138035 0.0374433 0.0341416 0.041186 0.17837 0.256903 0.149425 0.152875 0.141367 0.0481712 0.121626 0.157399 0.112534 0.208434 0.0094764 0.020755 0.120996 0.196631 0.103282 0.199912 0.033117 0.0817372 0.0177549 0.0168821 0.0353125 0.0427861 0.0554118 0.170313 0.00552014 0.109368 0.132455 
0.0116611 0.00329084 0.385035 0 0.193126 0.0653394 0.0110164 0.194006 0.186231 0.226613 0.192841 0.18624 0.297252 0.297996 0.258626 0.261281 0.271633 0.227284 0.502957 0.418013 0.436791 0.244258 0.333771 0.323491 0.251315 0.192569 0.461264 0.447182 0.463286 0.456292 0.489215 0.513396 0.0192878 0.263963 0.423314 0.416083 0.483943 0.486132 0.413258 0.410271 0.414482 0.346088 0.384603 0.402922 0.396205 0.266166 0.293755 0.283511 0.280188 0.274765 0.242378 0.159928 0.172577 0.0986315 0.0752378 0.186524 0.185113 0.201621 0.162151 0.183037 0.190291 0.170407 0.181931 0.189441 0.0554762 0.179759 0.0145867 0.164333 0.162407 0.136757 0.125119 0.151362 0.241295 0.162705 0.118245 0.0886298 0.128826 0.196344 0.285014 0.156579 0.206126 0.166568 0.185984 0.118377 0.113398 0.0370246 0.0903942 0.0187561 0.0214844 0.0131278 0.0537998 0.116129 0.122905 0.085604 0.0123354 0.00345672 0.0242007 0.0319946 0.0570928 0.0624516 0.133511 0.0567224 0.110487 0.022465 0.0166004 0.00512613 0.130263 0.0963657 0.215748 0.0756856 0.0584818 0.0335293 0.143867 0.157875 0.0801781 0.18535 0.0355159 0.0885369 0.0160942 0.0284135 0.0379146 0.0480422 0.112234 0.103897 0.0511596 0.076721 0.149261 0.222585 
0.192741 0.195025 0.102873 0.193126 0 0.164826 0.42971 0.537913 0.535082 0.40256 0.348924 0.303735 0.39031 0.394525 0.569489 0.558335 0.568159 0.753136 0.610932 0.60568 0.606458 0.594757 0.454159 0.452077 0.500261 0.513236 0.421231 0.453584 0.432363 0.44026 0.401562 0.374401 0.405329 0.199582 0.13893 0.139385 0.394042 0.401111 0.409126 0.410576 0.416347 0.261964 0.350582 0.30892 0.304093 0.167966 0.0618542 0.044904 0.0295499 0.0496232 0.112709 0.23901 0.180096 0.0768568 0.0974027 0.0898888 0.0798064 0.0875523 0.093844 0.063656 0.0307114 0.0673866 0.0673679 0.0838639 0.371575 0.0229207 0.279983 0.12374 0.0112816 0.0223107 0.0299289 0.0199034 0.116823 0.137367 0.159428 0.155016 0.200336 0.0569233 0.0586317 0.00513068 0.0690623 0.0741473 0.12723 0.146109 0.16663 0.184819 0.291602 0.254822 0.243028 0.22767 0.151708 0.146312 0.148025 0.105574 0.15259 0.200817 0.410315 0.297279 0.204683 0.199852 0.104253 0.00593929 0.0185775 0.0269588 0.0210224 0.203607 0.0285351 0.00260005 0.312018 0.308108 0.366171 0.198442 0.123995 0.347252 0.230428 0.0689652 0.16745 0.00870031 0.0574862 0.390657 0.356634 0.335922 0.0875805 0.10185 0.385796 0.431674 0.29418 0.407361 
0.040488 0.038191 0.0033213 0.0653394 0.164826 0 0.494919 0.287534 0.290685 0.19519 0.275177 0.244325 0.351898 0.355192 0.278386 0.297058 0.310765 0.343796 0.0339973 0.121145 0.139503 0.259946 0.300671 0.293729 0.196484 0.279569 0.207055 0.202242 0.168776 0.188255 0.167423 0.179675 0.0475011 0.163628 0.0124874 0.149869 0.175068 0.174928 0.231622 0.2236 0.224659 0.232043 0.188198 0.205427 0.209667 0.237237 0.246716 0.249679 0.216205 0.194995 0.176594 0.122086 0.173627 0.0981759 0.103361 0.207357 0.202379 0.212387 0.291302 0.272695 0.189401 0.206184 0.191063 0.171302 0.0532776 0.19264 0.0514508 0.129083 0.192214 0.289942 0.288331 0.221115 0.251428 0.212227 0.201703 0.0398074 0.142425 0.14715 0.206918 0.256263 0.264621 0.243875 0.142239 0.112671 0.118227 0.101951 0.076187 0.102748 0.167977 0.158192 0.224202 0.265153 0.267228 0.282199 0.262149 0.260008 0.0719613 0.057731 0.245162 0.233895 0.205683 0.260763 0.209771 0.268649 0.278908 0.336414 0.190844 0.131476 0.00452582 0.0623752 0.0614941 0.410884 0.362848 0.200174 0.159223 0.0995875 0.305204 0.315067 0.185849 0.256658 0.262019 0.277782 0.454616 0.360556 0.206667 0.226328 0.2092 0.26509 
0.244419 0.229293 0.0411796 0.0110164 0.42971 0.494919 0 0.780522 0.773544 0.690546 0.647167 0.534536 0.572129 0.576093 0.673731 0.660236 0.665046 0.665103 0.253273 0.492858 0.491177 0.546037 0.585534 0.585392 0.497628 0.372475 0.497663 0.478666 0.466033 0.447798 0.413765 0.37008 0.270029 0.0529431 0.189075 0.266315 0.406298 0.424361 0.534217 0.540684 0.543918 0.494936 0.429745 0.420123 0.420297 0.456278 0.337864 0.321598 0.306687 0.225465 0.148909 0.0658504 0.0457317 0.127262 0.209289 0.357954 0.350668 0.387534 0.436316 0.4202 0.28907 0.270183 0.263931 0.241013 0.220503 0.0225193 0.0275761 0.117167 0.323656 0.379679 0.379294 0.320446 0.31897 0.22355 0.0373659 0.0542903 0.100529 0.19855 0.317467 0.275148 0.260149 0.199808 0.176914 0.043455 0.0258541 0.0604498 0.100499 0.0562721 0.0470646 0.0553087 0.153374 0.226019 0.230398 0.305407 0.263681 0.20911 0.206089 0.0946635 0.132022 0.12695 0.288268 0.435994 0.462381 0.496904 0.498601 0.325221 0.355587 0.250827 0.0112063 0.112588 0.217451 0.0371602 0.423117 0.156274 0.294803 0.252232 0.475815 0.49472 0.458536 0.53728 0.595765 0.620575 0.55012 0.466472 0.784238 0.709194 0.573572 0.623066 
0.405164 0.393385 0.0984762 0.194006 0.537913 0.287534 0.780522 0 0.991382 0.820424 0.763692 0.610826 0.740087 0.745503 0.890748 0.888486 0.887351 0.781742 0.451824 0.728117 0.72588 0.742784 0.751256 0.740451 0.594915 0.449338 0.652816 0.63513 0.619468 0.593072 0.542509 0.49001 0.467516 0.167707 0.231422 0.268898 0.540264 0.570199 0.674564 0.675267 0.680587 0.529724 0.533451 0.515489 0.513264 0.398648 0.268214 0.241261 0.22626 0.113969 0.0238715 0.132125 0.106606 0.0059889 0.0705601 0.268559 0.263851 0.285038 0.324894 0.322126 0.179794 0.139791 0.142244 0.121296 0.380076 0.0153958 0.224702 0.0193291 0.210066 0.250391 0.261461 0.256658 0.347754 0.149249 0.0986746 0.152719 0.00812686 0.17586 0.359431 0.267925 0.238422 0.144079 0.0405868 0.0620445 0.0853089 0.195821 0.201821 0.233544 0.109121 0.101189 0.0311188 0.16731 0.17236 0.238884 0.148985 0.0466383 0.375603 0.273606 0.0490292 0.0609197 0.100355 0.344034 0.409578 0.389606 0.385256 0.106377 0.249052 0.109164 0.217879 0.247899 0.285388 0.190907 0.20258 0.0955314 0.0521489 0.0759424 0.276843 0.310848 0.390803 0.494628 0.541086 0.537432 0.265505 0.259703 0.796331 0.799832 0.708222 0.791573 
0.398127 0.387106 0.0902987 0.186231 0.535082 0.290685 0.773544 0.991382 0 0.811052 0.757409 0.608724 0.740591 0.746301 0.888631 0.88799 0.885337 0.775632 0.428903 0.711101 0.708691 0.730867 0.74499 0.733665 0.590775 0.453856 0.640299 0.624307 0.607615 0.580852 0.527021 0.476228 0.465108 0.165123 0.216457 0.25538 0.526853 0.557807 0.667646 0.66865 0.672094 0.520724 0.528692 0.510788 0.509746 0.392472 0.264876 0.236322 0.221011 0.109863 0.0201306 0.123839 0.103067 0.000787686 0.0657032 0.258128 0.253806 0.275275 0.31641 0.314656 0.175482 0.135015 0.138779 0.117488 0.375595 0.0254318 0.219205 0.0211245 0.203369 0.242325 0.255238 0.247769 0.345474 0.149078 0.0892532 0.148179 0.00594723 0.171326 0.363318 0.266628 0.234282 0.145397 0.0347304 0.0598246 0.0829636 0.188551 0.194477 0.226832 0.103654 0.0977377 0.0319431 0.166669 0.170803 0.239551 0.150574 0.0507214 0.36461 0.26639 0.0432038 0.0568106 0.104488 0.343496 0.404234 0.388339 0.385839 0.104585 0.253931 0.116054 0.21311 0.234776 0.275101 0.172348 0.215369 0.0959898 0.0494875 0.07693 0.269024 0.312488 0.388768 0.499901 0.545363 0.540386 0.263602 0.267806 0.793282 0.805691 0.712198 0.795738 
0.257246 0.235404 0.156555 0.226613 0.40256 0.19519 0.690546 0.820424 0.811052 0 0.912683 0.800085 0.719633 0.720501 0.762559 0.740787 0.736687 0.619401 0.351897 0.597733 0.59767 0.60627 0.633901 0.632008 0.565236 0.446643 0.624019 0.606548 0.607422 0.572069 0.551866 0.508658 0.286594 0.0369993 0.305525 0.335656 0.54472 0.561816 0.680698 0.690439 0.690657 0.601904 0.585027 0.563314 0.560997 0.412324 0.307945 0.281172 0.263285 0.197021 0.0974567 0.102615 0.00709564 0.0580916 0.174808 0.261399 0.258853 0.280367 0.269188 0.266761 0.170055 0.142277 0.147107 0.140309 0.199861 0.103663 0.157215 0.0430496 0.180456 0.189103 0.188598 0.160423 0.203122 0.0771369 0.062286 0.0844035 0.0419907 0.130701 0.252634 0.14025 0.126087 0.0734115 0.116302 0.0373664 0.0431859 0.108341 0.116051 0.101812 0.0856826 0.0725694 0.0207776 0.0358263 0.0419086 0.0940324 0.0222538 0.0123243 0.250441 0.158776 0.0762495 0.0807102 0.025424 0.232167 0.304169 0.308929 0.298701 0.135249 0.128677 0.0360461 0.191951 0.168609 0.245119 0.172751 0.150056 0.026938 0.0931188 0.0858841 0.238503 0.282766 0.335048 0.540351 0.572192 0.564269 0.364933 0.210287 0.737158 0.714025 0.727879 0.802235 
0.207977 0.189945 0.173406 0.192841 0.348924 0.275177 0.647167 0.763692 0.757409 0.912683 0 0.91593 0.727208 0.727582 0.690136 0.681699 0.676251 0.542271 0.298659 0.513786 0.523079 0.540469 0.576443 0.567575 0.484714 0.4951 0.588527 0.575738 0.570983 0.545408 0.518813 0.488852 0.227096 0.048076 0.278658 0.329568 0.515863 0.534799 0.676983 0.678209 0.678262 0.578871 0.550356 0.538132 0.536569 0.423632 0.319979 0.299976 0.279521 0.210451 0.144405 0.0241411 0.0494047 0.0952043 0.204582 0.302413 0.297811 0.312636 0.341074 0.333398 0.225581 0.203012 0.206853 0.193316 0.159468 0.131576 0.0909535 0.0951441 0.22629 0.275233 0.28509 0.237819 0.28001 0.16558 0.0228379 0.0586481 0.0276217 0.172379 0.288651 0.228794 0.218567 0.150524 0.117914 0.0112897 0.017616 0.0591939 0.0851196 0.0655353 0.0234015 0.0168089 0.0567179 0.160556 0.167135 0.213464 0.128841 0.0847768 0.161286 0.13412 0.00263282 0.00275441 0.114216 0.315497 0.364029 0.358944 0.356711 0.202101 0.186075 0.0441143 0.159827 0.144884 0.169615 0.047391 0.17224 0.0157654 0.114969 0.111705 0.288372 0.342122 0.359111 0.555358 0.570653 0.560802 0.362368 0.215098 0.680226 0.70932 0.722011 0.834167 
0.0917544 0.0723647 0.215649 0.18624 0.303735 0.244325 0.534536 0.610826 0.608724 0.800085 0.91593 0 0.615017 0.612997 0.497765 0.493568 0.491488 0.414247 0.200151 0.374835 0.391771 0.414073 0.438609 0.428609 0.429155 0.554581 0.534604 0.528468 0.521348 0.504356 0.481594 0.463305 0.0949653 0.148802 0.295516 0.34289 0.479645 0.497322 0.672866 0.672503 0.672798 0.592228 0.570745 0.555556 0.554321 0.444537 0.374663 0.354063 0.334541 0.269941 0.210885 0.0575655 0.143266 0.178321 0.30262 0.345903 0.339631 0.357197 0.386461 0.377529 0.308168 0.287555 0.29173 0.280345 0.0696347 0.267088 0.0177724 0.186604 0.293988 0.321357 0.330223 0.260988 0.300828 0.207782 0.12539 0.0492529 0.109965 0.222355 0.346086 0.26623 0.262396 0.230986 0.208274 0.0884543 0.085061 0.060659 0.0129332 0.0463484 0.0799768 0.0856149 0.140352 0.209698 0.212882 0.232644 0.174168 0.154102 0.0648698 0.033184 0.0949772 0.0916599 0.165224 0.345979 0.369669 0.382034 0.382025 0.268095 0.222291 0.0822384 0.0743269 0.0653596 0.125865 0.00615733 0.164981 0.0421727 0.149319 0.176863 0.308998 0.359593 0.354325 0.586877 0.586349 0.570121 0.369009 0.201008 0.570501 0.586833 0.633402 0.81275 
0.245898 0.235433 0.204029 0.297252 0.39031 0.351898 0.572129 0.740087 0.740591 0.719633 0.727208 0.615017 0 0.997437 0.805318 0.800087 0.794698 0.584569 0.42112 0.64266 0.655136 0.714688 0.855718 0.851762 0.747807 0.567176 0.695319 0.693621 0.677554 0.673283 0.626496 0.611495 0.265029 0.0650674 0.31838 0.414092 0.634048 0.647642 0.701075 0.695382 0.693575 0.577439 0.603375 0.601165 0.605345 0.447729 0.377678 0.34297 0.323887 0.247282 0.18715 0.0101771 0.0794347 0.122323 0.201603 0.303167 0.295507 0.323768 0.383825 0.376374 0.252813 0.231017 0.224559 0.2076 0.214251 0.191426 0.118996 0.12804 0.236263 0.320678 0.340334 0.276858 0.37565 0.199203 0.077455 0.0534082 0.0677864 0.224295 0.363846 0.336802 0.312982 0.237619 0.116145 0.0151493 0.00493569 0.0476648 0.0954083 0.0827758 0.00358666 0.00676148 0.108531 0.239838 0.244937 0.2755 0.170472 0.123958 0.191522 0.192303 0.00852829 0.000809196 0.0798666 0.34012 0.36404 0.329185 0.333737 0.159768 0.14876 0.0359178 0.25607 0.227735 0.184783 0.0164435 0.0548813 0.114917 0.0236501 0.0121126 0.207121 0.254129 0.289273 0.433311 0.432365 0.414114 0.241618 0.0857174 0.51387 0.576138 0.551329 0.66324 
0.252642 0.242463 0.199848 0.297996 0.394525 0.355192 0.576093 0.745503 0.746301 0.720501 0.727582 0.612997 0.997437 0 0.81122 0.80623 0.800852 0.590846 0.427844 0.649031 0.660982 0.720984 0.859574 0.855364 0.746572 0.566545 0.697327 0.695044 0.67854 0.674592 0.626897 0.611042 0.273857 0.0571469 0.316406 0.409661 0.63408 0.648201 0.701353 0.695747 0.694039 0.574738 0.60093 0.598646 0.602556 0.450141 0.375166 0.34073 0.320941 0.244091 0.182564 0.0118489 0.0737251 0.116848 0.192425 0.305256 0.297763 0.326354 0.384184 0.37607 0.249711 0.227118 0.220779 0.204068 0.221782 0.185352 0.123732 0.123468 0.234652 0.319796 0.339564 0.278836 0.37819 0.198719 0.0714514 0.0551939 0.0671103 0.226096 0.366739 0.339898 0.316681 0.239699 0.115136 0.0148245 0.00544857 0.0530933 0.0989338 0.0855639 0.00155549 0.00505276 0.110488 0.242555 0.247817 0.279993 0.174738 0.125716 0.198797 0.196558 0.0110848 0.000960165 0.0837355 0.34438 0.369263 0.334134 0.338222 0.161353 0.154486 0.0299533 0.257517 0.228716 0.186527 0.00754767 0.0602145 0.114997 0.023737 0.0102434 0.211793 0.257759 0.294835 0.434257 0.434499 0.417155 0.241437 0.0918768 0.520182 0.581979 0.551595 0.664328 
0.439392 0.431934 0.0961097 0.258626 0.569489 0.278386 0.673731 0.890748 0.888631 0.762559 0.690136 0.497765 0.805318 0.81122 0 0.98732 0.984671 0.783959 0.574897 0.813905 0.818512 0.858722 0.872611 0.864534 0.644529 0.422645 0.688237 0.675487 0.661655 0.639679 0.59514 0.549416 0.4915 0.162055 0.265732 0.294299 0.589818 0.60876 0.629389 0.628838 0.631271 0.472165 0.509014 0.49764 0.495926 0.351248 0.232537 0.204721 0.192696 0.101032 0.020015 0.201 0.113894 0.0318526 0.0379825 0.205483 0.201052 0.219022 0.243513 0.238466 0.0858672 0.0483743 0.0505821 0.0324131 0.440209 0.0676309 0.289031 0.0789373 0.102064 0.162223 0.176625 0.176098 0.2502 0.0639419 0.201458 0.236777 0.112209 0.0581166 0.250541 0.183604 0.12949 0.0423966 0.0715376 0.176693 0.195211 0.2932 0.299834 0.315057 0.225161 0.221119 0.082911 0.0539576 0.0598926 0.138702 0.034539 0.0630899 0.43919 0.378486 0.166221 0.172923 0.00844739 0.21355 0.291908 0.247598 0.242583 0.00658687 0.114307 0.0172614 0.331371 0.340072 0.361654 0.244519 0.0817467 0.226628 0.0928507 0.0310195 0.0978411 0.175704 0.281997 0.408295 0.434945 0.41466 0.119196 0.123535 0.673852 0.696806 0.607961 0.671562 
0.454588 0.448496 0.0976019 0.261281 0.558335 0.297058 0.660236 0.888486 0.88799 0.740787 0.681699 0.493568 0.800087 0.80623 0.98732 0 0.989871 0.783529 0.569102 0.808745 0.815118 0.85688 0.867505 0.856298 0.626085 0.421185 0.678415 0.664401 0.648857 0.627112 0.579446 0.535801 0.502961 0.174986 0.239405 0.273779 0.57444 0.595274 0.624333 0.621224 0.62386 0.456553 0.49279 0.484032 0.483071 0.338503 0.221845 0.193329 0.179537 0.0837696 0.00485845 0.193532 0.125347 0.0503662 0.0145887 0.19931 0.194554 0.210132 0.245413 0.2426 0.0872831 0.0478863 0.0507814 0.0295289 0.451577 0.0649634 0.294733 0.0720971 0.105467 0.169881 0.186874 0.187296 0.272286 0.0890168 0.190625 0.234444 0.100078 0.0726798 0.275656 0.209304 0.15451 0.065423 0.0749342 0.171626 0.189725 0.295954 0.300263 0.319699 0.221106 0.216965 0.0672743 0.0808259 0.0873821 0.16458 0.052001 0.0481054 0.441529 0.391312 0.156041 0.163404 0.00419115 0.220513 0.297141 0.247592 0.243736 0.00142387 0.118958 0.0228357 0.345944 0.347742 0.363696 0.233978 0.0788878 0.238677 0.115711 0.0557138 0.0933165 0.169236 0.277521 0.39421 0.418172 0.397412 0.103151 0.117629 0.657374 0.688681 0.601411 0.675601 
0.462212 0.454272 0.0895556 0.271633 0.568159 0.310765 0.665046 0.887351 0.885337 0.736687 0.676251 0.491488 0.794698 0.800852 0.984671 0.989871 0 0.794548 0.581378 0.819875 0.825637 0.864763 0.86657 0.854636 0.622684 0.426981 0.683862 0.669269 0.652062 0.631412 0.585895 0.541435 0.508001 0.185143 0.238236 0.279684 0.579376 0.599177 0.625165 0.621464 0.62493 0.456666 0.489181 0.481217 0.481427 0.343006 0.219913 0.194094 0.179146 0.0754602 0.00461741 0.201224 0.137494 0.0574014 0.00524855 0.204337 0.198903 0.218389 0.254141 0.250952 0.0909592 0.0501909 0.0533723 0.030434 0.462642 0.0705226 0.29857 0.0637486 0.114649 0.181184 0.196724 0.2017 0.288494 0.095803 0.191209 0.232084 0.0920239 0.0864627 0.29099 0.226803 0.17357 0.0811505 0.0626131 0.1585 0.177977 0.29553 0.299041 0.31809 0.21657 0.210567 0.0542254 0.0912753 0.0989849 0.172739 0.0623518 0.0427362 0.451552 0.391557 0.147812 0.155355 0.0003251 0.224589 0.301295 0.25113 0.247553 0.00527434 0.115466 0.0209132 0.351405 0.356483 0.37525 0.236566 0.0729216 0.24241 0.112903 0.0456246 0.0963905 0.171705 0.271964 0.387095 0.411967 0.393176 0.103476 0.114744 0.652348 0.674454 0.593399 0.665473 
0.36892 0.353705 0.0159012 0.227284 0.753136 0.343796 0.665103 0.781742 0.775632 0.619401 0.542271 0.414247 0.584569 0.590846 0.783959 0.783529 0.794548 0 0.617684 0.742252 0.742302 0.72764 0.63609 0.629053 0.552676 0.50029 0.567621 0.576634 0.551352 0.548774 0.520124 0.474141 0.498422 0.189755 0.187568 0.227358 0.507755 0.517856 0.542653 0.542691 0.548008 0.392628 0.451092 0.429435 0.424406 0.278526 0.168546 0.148366 0.126019 0.0168433 0.0715554 0.222348 0.179269 0.0676869 0.052942 0.162129 0.152157 0.174813 0.198813 0.179094 0.0323272 0.00102284 0.00402021 0.0232781 0.438179 0.0123225 0.345442 0.111378 0.0690577 0.128683 0.131051 0.102822 0.230331 0.0301001 0.185226 0.244509 0.16368 0.0603419 0.221206 0.142805 0.0753428 0.0176065 0.104828 0.146406 0.166278 0.245797 0.3092 0.301745 0.246402 0.236838 0.0990906 0.039068 0.0307276 0.0153577 0.0616567 0.152779 0.494074 0.369888 0.201653 0.202902 0.0880863 0.0976963 0.149993 0.125329 0.119229 0.110817 0.0117764 0.0824179 0.408741 0.39459 0.394626 0.242349 0.0538999 0.318637 0.213605 0.0577167 0.0307564 0.0799072 0.115018 0.383616 0.379851 0.359326 0.02922 0.00149907 0.56912 0.554563 0.461789 0.555098 
0.363238 0.354087 0.0875456 0.502957 0.610932 0.0339973 0.253273 0.451824 0.428903 0.351897 0.298659 0.200151 0.42112 0.427844 0.574897 0.569102 0.581378 0.617684 0 0.830337 0.832893 0.661663 0.567914 0.56458 0.43209 0.340763 0.655498 0.66086 0.673408 0.686835 0.700579 0.693428 0.414983 0.100291 0.476561 0.480428 0.681733 0.678082 0.499762 0.495082 0.504127 0.348942 0.426387 0.42345 0.423915 0.29101 0.222281 0.216432 0.203666 0.132813 0.0840655 0.22173 0.09497 0.00502276 0.00918248 0.183749 0.17439 0.196092 0.180691 0.162081 0.0209599 0.0583327 0.0585882 0.0762574 0.428348 0.205074 0.361578 0.17367 0.0111581 0.0945927 0.108149 0.0537053 0.163781 0.0842217 0.31465 0.295641 0.228082 0.0524034 0.0663591 0.056776 0.0170518 0.079827 0.214513 0.248988 0.281592 0.361245 0.404959 0.392644 0.358878 0.346269 0.213454 0.0952636 0.0804027 0.0466991 0.144595 0.269062 0.519672 0.486334 0.354079 0.351942 0.198988 0.0263728 0.06735 0.0150376 0.0234942 0.234246 0.17728 0.212447 0.519502 0.50518 0.388746 0.346778 0.316411 0.509394 0.36969 0.226186 0.1966 0.0836947 0.0365422 0.13566 0.115567 0.0937667 0.219261 0.280566 0.225372 0.294413 0.235337 0.306183 
0.452785 0.437472 0.0737233 0.418013 0.60568 0.121145 0.492858 0.728117 0.711101 0.597733 0.513786 0.374835 0.64266 0.649031 0.813905 0.808745 0.819875 0.742252 0.830337 0 0.984931 0.888148 0.796318 0.78582 0.584762 0.462361 0.817476 0.81364 0.807641 0.803953 0.783228 0.747958 0.505297 0.162908 0.476041 0.500056 0.776373 0.78263 0.692494 0.690903 0.698245 0.498695 0.591556 0.582228 0.583951 0.409965 0.311078 0.294879 0.278814 0.165801 0.083083 0.180129 0.106381 0.0386471 0.043187 0.268584 0.259219 0.289169 0.30122 0.293207 0.110709 0.0649386 0.0625973 0.0431132 0.48647 0.0773856 0.344421 0.0661667 0.120715 0.203246 0.212512 0.192096 0.332388 0.0340911 0.230841 0.247782 0.115091 0.113767 0.262762 0.232062 0.175313 0.06319 0.111199 0.154741 0.187249 0.319591 0.334894 0.361164 0.252473 0.236388 0.089067 0.0506348 0.0657926 0.098858 0.00748124 0.136437 0.52661 0.439246 0.228959 0.228298 0.0995436 0.152274 0.239441 0.166588 0.158879 0.122479 0.0197296 0.119807 0.437146 0.447838 0.40317 0.336524 0.134618 0.378675 0.220773 0.164391 0.0161167 0.0539289 0.183225 0.279393 0.295519 0.277921 0.0825331 0.0823333 0.499566 0.539926 0.432103 0.549172 
0.452074 0.438241 0.107921 0.436791 0.606458 0.139503 0.491177 0.72588 0.708691 0.59767 0.523079 0.391771 0.655136 0.660982 0.818512 0.815118 0.825637 0.742302 0.832893 0.984931 0 0.894089 0.809725 0.799737 0.598915 0.477875 0.828218 0.823446 0.81882 0.814858 0.796549 0.763573 0.499288 0.146441 0.482321 0.51259 0.789097 0.793287 0.705421 0.70355 0.709961 0.513193 0.606818 0.600235 0.601612 0.421468 0.325592 0.30979 0.292733 0.180565 0.100013 0.180049 0.0887301 0.0445009 0.0646573 0.277306 0.26708 0.297379 0.312027 0.302467 0.120573 0.0748783 0.0736191 0.0537802 0.486864 0.0691247 0.338267 0.0628989 0.125741 0.212746 0.222003 0.197695 0.330867 0.0443315 0.228112 0.247661 0.113639 0.113749 0.270305 0.231994 0.176979 0.0682923 0.106855 0.159912 0.190985 0.320922 0.34029 0.361245 0.256681 0.240138 0.0867717 0.0568612 0.0712747 0.106205 0.00687891 0.133677 0.528664 0.449282 0.232739 0.23099 0.0988396 0.154395 0.243034 0.169459 0.160306 0.117012 0.0125504 0.13547 0.449644 0.458857 0.4108 0.330315 0.141497 0.385932 0.230156 0.169933 0.0149986 0.0552434 0.180175 0.289466 0.301202 0.279806 0.0819152 0.0971522 0.486344 0.525507 0.43287 0.558723 
0.386551 0.374151 0.0501513 0.244258 0.594757 0.259946 0.546037 0.742784 0.730867 0.60627 0.540469 0.414073 0.714688 0.720984 0.858722 0.85688 0.864763 0.72764 0.661663 0.888148 0.894089 0 0.870919 0.862351 0.666601 0.565728 0.773429 0.771693 0.751924 0.744828 0.693941 0.651591 0.451456 0.140115 0.383464 0.411886 0.695593 0.700416 0.684794 0.682485 0.685176 0.494151 0.586726 0.571539 0.575818 0.4122 0.325847 0.303677 0.290886 0.178021 0.103241 0.132917 0.0450692 0.0643943 0.127625 0.27844 0.271101 0.296414 0.335972 0.322124 0.165037 0.124446 0.122138 0.0978504 0.456607 0.0398942 0.266675 0.0265557 0.171265 0.245841 0.255666 0.238221 0.348449 0.0924332 0.12084 0.177272 0.0511513 0.163417 0.30195 0.284965 0.195356 0.121362 0.0621435 0.0898908 0.111385 0.232939 0.257133 0.265873 0.152427 0.137794 0.00229837 0.101101 0.112502 0.154539 0.0603894 0.0293426 0.449273 0.352947 0.0914758 0.0915327 0.00337785 0.221092 0.266167 0.249456 0.241239 0.0177032 0.151489 0.0446328 0.325976 0.349319 0.394384 0.223813 0.00619412 0.241146 0.131482 0.0561204 0.07846 0.154078 0.250845 0.409611 0.421469 0.396632 0.0397851 0.0244997 0.527486 0.552986 0.444121 0.597619 
0.319269 0.313062 0.222135 0.333771 0.454159 0.300671 0.585534 0.751256 0.74499 0.633901 0.576443 0.438609 0.855718 0.859574 0.872611 0.867505 0.86657 0.63609 0.567914 0.796318 0.809725 0.870919 0 0.993634 0.791725 0.573221 0.821432 0.812525 0.797081 0.785292 0.732202 0.70258 0.343927 0.0141585 0.404017 0.464053 0.733521 0.746336 0.758515 0.755919 0.752711 0.600492 0.627282 0.627239 0.632933 0.495015 0.393023 0.361928 0.352614 0.265926 0.204026 0.0502955 0.0521683 0.107113 0.191052 0.330287 0.325821 0.354995 0.410527 0.407092 0.261774 0.230608 0.228313 0.208433 0.303453 0.0888498 0.125256 0.106073 0.261662 0.344456 0.361891 0.325721 0.394818 0.223178 0.016027 0.0844927 0.0753165 0.229736 0.364545 0.351878 0.314136 0.225107 0.0989819 0.0143194 0.0350463 0.114564 0.152888 0.139105 0.0394374 0.0320259 0.102898 0.242773 0.249903 0.2996 0.197271 0.120905 0.278022 0.249809 0.0109344 0.0191117 0.0936777 0.360079 0.411384 0.353587 0.35369 0.122538 0.189416 0.00397245 0.238282 0.282262 0.246541 0.133923 0.0417397 0.143682 0.0167551 0.00376483 0.199316 0.245843 0.325959 0.402855 0.417493 0.397547 0.147861 0.0737361 0.540165 0.562112 0.508389 0.614858 
0.305298 0.299596 0.224492 0.323491 0.452077 0.293729 0.585392 0.740451 0.733665 0.632008 0.567575 0.428609 0.851762 0.855364 0.864534 0.856298 0.854636 0.629053 0.56458 0.78582 0.799737 0.862351 0.993634 0 0.808887 0.570495 0.817875 0.809174 0.795048 0.782551 0.731296 0.702938 0.324964 0.000328729 0.409865 0.470811 0.73219 0.743043 0.751927 0.750208 0.747111 0.602151 0.626153 0.626554 0.631995 0.495879 0.394781 0.364184 0.356036 0.273197 0.211909 0.0500466 0.0625859 0.113465 0.199943 0.329569 0.325346 0.355161 0.403743 0.398444 0.258596 0.229783 0.226941 0.208746 0.286558 0.089052 0.120027 0.101566 0.254267 0.335709 0.352218 0.315812 0.373796 0.208544 0.0154739 0.0884473 0.0680815 0.216909 0.345107 0.329918 0.295292 0.206959 0.0987099 0.0175402 0.0377274 0.111563 0.145701 0.132414 0.0407861 0.0323812 0.0928112 0.225641 0.231771 0.282605 0.182882 0.112735 0.266831 0.237861 0.0138123 0.0216956 0.088415 0.349641 0.401589 0.347317 0.346471 0.123917 0.180041 0.00548393 0.228637 0.274993 0.241562 0.122652 0.0434115 0.127401 0.00526726 0.00403848 0.204163 0.244944 0.323051 0.400111 0.414814 0.395723 0.16476 0.0750025 0.536321 0.546444 0.505569 0.598896 
0.098249 0.0891025 0.227325 0.251315 0.500261 0.196484 0.497628 0.594915 0.590775 0.565236 0.484714 0.429155 0.747807 0.746572 0.644529 0.626085 0.622684 0.552676 0.43209 0.584762 0.598915 0.666601 0.791725 0.808887 0 0.712163 0.708888 0.715425 0.701989 0.692531 0.643499 0.617484 0.155189 0.117088 0.386844 0.413814 0.645098 0.653419 0.711303 0.715208 0.708894 0.600913 0.618298 0.600128 0.604411 0.468728 0.372152 0.344815 0.337424 0.269461 0.205588 0.00839495 0.119462 0.155408 0.34573 0.326474 0.31854 0.353933 0.375784 0.352467 0.283139 0.258206 0.256383 0.243921 0.11726 0.256007 0.0440153 0.152032 0.257958 0.313087 0.324988 0.253547 0.293873 0.13797 0.0815379 0.00449941 0.056825 0.197122 0.317746 0.263339 0.227512 0.188607 0.182453 0.043611 0.0328732 0.0296682 0.0343044 0.00530681 0.0198134 0.0414361 0.107026 0.158693 0.159817 0.206292 0.132177 0.118953 0.13241 0.0851921 0.0444008 0.0447506 0.133845 0.339255 0.380627 0.357744 0.358235 0.184184 0.187281 0.0637747 0.106779 0.14141 0.194416 0.0425241 0.0399315 0.053472 0.0771892 0.195847 0.200491 0.276321 0.325332 0.52617 0.514604 0.49353 0.219158 0.0793389 0.490788 0.453062 0.450852 0.534098 
0.0618214 0.0724831 0.0655409 0.192569 0.513236 0.279569 0.372475 0.449338 0.453856 0.446643 0.4951 0.554581 0.567176 0.566545 0.422645 0.421185 0.426981 0.50029 0.340763 0.462361 0.477875 0.565728 0.573221 0.570495 0.712163 0 0.681048 0.712688 0.671858 0.685221 0.621414 0.610461 0.077919 0.187283 0.372661 0.446422 0.63574 0.639828 0.774766 0.772671 0.765626 0.599657 0.676527 0.656379 0.659664 0.494267 0.457364 0.436967 0.411465 0.323105 0.270238 0.154908 0.219191 0.260686 0.450223 0.372449 0.36088 0.390771 0.462212 0.429227 0.370623 0.352707 0.347776 0.32395 0.0398311 0.439133 0.031947 0.271073 0.331698 0.408069 0.421449 0.282139 0.421353 0.213915 0.274878 0.112729 0.143312 0.304627 0.389089 0.373989 0.310864 0.31082 0.198137 0.167883 0.156562 0.170543 0.0292247 0.100702 0.131618 0.15396 0.217258 0.2344 0.237985 0.237416 0.183936 0.186722 0.058577 0.0167017 0.154114 0.149701 0.186694 0.347057 0.323632 0.342502 0.348893 0.207745 0.188013 0.065685 0.127055 0.10604 0.133545 0.132639 0.0405347 0.0889313 0.0243313 0.203225 0.151588 0.300759 0.275767 0.607065 0.561791 0.526569 0.161151 0.0104844 0.340325 0.398524 0.396311 0.584843 
0.218045 0.204476 0.294018 0.461264 0.421231 0.207055 0.497663 0.652816 0.640299 0.624019 0.588527 0.534604 0.695319 0.697327 0.688237 0.678415 0.683862 0.567621 0.655498 0.817476 0.828218 0.773429 0.821432 0.817875 0.708888 0.681048 0 0.987642 0.984175 0.976717 0.957612 0.939313 0.197515 0.184899 0.690496 0.770031 0.959388 0.964101 0.912338 0.908929 0.91122 0.749301 0.819387 0.831678 0.834512 0.644933 0.615957 0.600602 0.584418 0.5054 0.430924 0.0685831 0.248832 0.322104 0.35612 0.460778 0.452797 0.489444 0.515541 0.509157 0.381941 0.351635 0.349829 0.334099 0.194411 0.184097 0.0789664 0.157877 0.321545 0.408613 0.422218 0.343891 0.425449 0.216624 0.0198498 0.0745628 0.0685134 0.231706 0.383586 0.339306 0.312033 0.213341 0.119259 0.00517595 0.0264994 0.0971146 0.111099 0.123145 0.0473444 0.032292 0.0749126 0.211043 0.220403 0.2421 0.15385 0.0661019 0.239376 0.219974 0.0447331 0.047555 0.0502608 0.332076 0.400799 0.34048 0.34108 0.132678 0.139706 0.0341422 0.234269 0.263006 0.214331 0.104853 0.0194372 0.149631 0.00575277 0.00255799 0.198948 0.231242 0.308668 0.3997 0.411975 0.395343 0.152474 0.0289631 0.496588 0.505043 0.499345 0.627236 
0.185883 0.172557 0.265761 0.447182 0.453584 0.202242 0.478666 0.63513 0.624307 0.606548 0.575738 0.528468 0.693621 0.695044 0.675487 0.664401 0.669269 0.576634 0.66086 0.81364 0.823446 0.771693 0.812525 0.809174 0.715425 0.712688 0.987642 0 0.985512 0.981234 0.960215 0.94338 0.190852 0.186702 0.681505 0.771802 0.965079 0.9672 0.908886 0.905713 0.907184 0.738774 0.825387 0.834108 0.835996 0.631265 0.607601 0.591956 0.574047 0.495224 0.42275 0.0711897 0.244795 0.320831 0.367581 0.446667 0.437838 0.473584 0.502076 0.493251 0.368793 0.341184 0.337959 0.321656 0.18725 0.201956 0.0820095 0.158594 0.31234 0.397815 0.413139 0.324335 0.42062 0.200766 0.0341183 0.0669665 0.0643865 0.224798 0.366058 0.332877 0.302113 0.212806 0.113332 0.00330824 0.0194719 0.0780213 0.108973 0.11568 0.0426017 0.027654 0.072017 0.198693 0.207297 0.221856 0.135895 0.0563583 0.231567 0.212088 0.048514 0.0519849 0.0402223 0.312593 0.371261 0.314833 0.316776 0.107156 0.118193 0.0430467 0.24129 0.264462 0.204168 0.0881984 0.0469142 0.178889 0.0351705 0.00749241 0.161884 0.214403 0.282818 0.406036 0.410271 0.391158 0.120329 0.0039572 0.473644 0.497935 0.482881 0.617115 
0.186754 0.172885 0.299874 0.463286 0.432363 0.168776 0.466033 0.619468 0.607615 0.607422 0.570983 0.521348 0.677554 0.67854 0.661655 0.648857 0.652062 0.551352 0.673408 0.807641 0.81882 0.751924 0.797081 0.795048 0.701989 0.671858 0.984175 0.985512 0 0.985427 0.973568 0.959229 0.16532 0.215719 0.724246 0.802978 0.974505 0.976163 0.896823 0.895253 0.895196 0.740461 0.828429 0.840117 0.843339 0.63345 0.621635 0.60637 0.592506 0.523726 0.458144 0.076715 0.273836 0.344652 0.381024 0.448521 0.440299 0.474731 0.491366 0.484297 0.365541 0.338622 0.336319 0.322583 0.174797 0.188996 0.0716937 0.144598 0.299746 0.381052 0.396218 0.310401 0.38515 0.18451 0.0139821 0.0761318 0.0502603 0.197767 0.342108 0.303507 0.271815 0.184692 0.100725 0.018949 0.0409277 0.0885452 0.117762 0.117958 0.0569473 0.0432643 0.0488799 0.175443 0.18419 0.20062 0.116404 0.0397271 0.227359 0.218693 0.0730094 0.0762022 0.028373 0.297319 0.363218 0.308153 0.307842 0.100841 0.112035 0.0546693 0.23954 0.255936 0.198111 0.100342 0.0455582 0.177614 0.0301988 0.0130196 0.158813 0.20832 0.28313 0.398974 0.401751 0.381492 0.123973 0.00435595 0.469132 0.492446 0.481143 0.607708 
0.181869 0.16812 0.260825 0.456292 0.44026 0.188255 0.447798 0.593072 0.580852 0.572069 0.545408 0.504356 0.673283 0.674592 0.639679 0.627112 0.631412 0.548774 0.686835 0.803953 0.814858 0.744828 0.785292 0.782551 0.692531 0.685221 0.976717 0.981234 0.985427 0 0.976463 0.966782 0.163155 0.225689 0.72907 0.821147 0.978927 0.978795 0.88657 0.882844 0.883144 0.738108 0.82975 0.843486 0.846883 0.638749 0.640507 0.625981 0.610894 0.541334 0.476426 0.0868529 0.29431 0.369962 0.39615 0.456646 0.448087 0.482066 0.509773 0.500236 0.376538 0.35011 0.345668 0.329574 0.181031 0.195918 0.0659339 0.14852 0.302364 0.400421 0.417949 0.310612 0.400057 0.187665 0.0221995 0.0743295 0.0523174 0.201777 0.340398 0.319796 0.279601 0.195705 0.0926505 0.0175633 0.0407294 0.0876646 0.133769 0.120438 0.0556602 0.0415014 0.0550796 0.18318 0.193783 0.204271 0.119575 0.0450955 0.235931 0.234333 0.071244 0.0735728 0.0332758 0.294949 0.34965 0.300796 0.301465 0.0997609 0.100348 0.0626843 0.263899 0.274364 0.207361 0.0844036 0.0663274 0.201877 0.0608838 0.0392711 0.147042 0.207809 0.269569 0.397898 0.395229 0.374373 0.117713 0.0306101 0.425218 0.470729 0.454184 0.590387 
0.163576 0.146351 0.291381 0.489215 0.401562 0.167423 0.413765 0.542509 0.527021 0.551866 0.518813 0.481594 0.626496 0.626897 0.59514 0.579446 0.585895 0.520124 0.700579 0.783228 0.796549 0.693941 0.732202 0.731296 0.643499 0.621414 0.957612 0.960215 0.973568 0.976463 0 0.981615 0.122529 0.266473 0.776452 0.863403 0.98498 0.982837 0.84672 0.843854 0.845081 0.725529 0.816123 0.837349 0.837842 0.639323 0.654526 0.646222 0.632162 0.570501 0.508281 0.0832161 0.319122 0.383935 0.396721 0.456694 0.446493 0.482789 0.493411 0.484095 0.365217 0.343816 0.337479 0.326392 0.150076 0.173913 0.0672019 0.130102 0.283682 0.376707 0.389003 0.282388 0.353967 0.158947 0.00129879 0.0962206 0.0231976 0.158307 0.301686 0.265885 0.239558 0.151184 0.0755611 0.046015 0.0672385 0.106544 0.138257 0.131499 0.0830356 0.0721079 0.0169842 0.139614 0.149059 0.160794 0.0790488 0.00316761 0.227024 0.232492 0.102557 0.103842 0.00191163 0.253228 0.316956 0.264685 0.26453 0.0907513 0.0508875 0.092098 0.264633 0.275644 0.196825 0.0948611 0.0934823 0.198915 0.0613593 0.0492287 0.127276 0.174291 0.244425 0.345948 0.344048 0.325785 0.108125 0.0525412 0.386537 0.404134 0.41811 0.53278 
0.117962 0.102056 0.30782 0.513396 0.374401 0.179675 0.37008 0.49001 0.476228 0.508658 0.488852 0.463305 0.611495 0.611042 0.549416 0.535801 0.541435 0.474141 0.693428 0.747958 0.763573 0.651591 0.70258 0.702938 0.617484 0.610461 0.939313 0.94338 0.959229 0.966782 0.981615 0 0.0657798 0.320177 0.790288 0.885761 0.980034 0.974789 0.823588 0.819689 0.820385 0.714457 0.804328 0.831653 0.833209 0.630045 0.670418 0.662911 0.650465 0.598408 0.543458 0.12213 0.362263 0.413698 0.414567 0.459149 0.448267 0.480728 0.492092 0.48278 0.373265 0.355779 0.350343 0.339954 0.106026 0.197096 0.0429761 0.144126 0.277737 0.37834 0.393023 0.276649 0.346624 0.162563 0.028338 0.079976 0.0340187 0.155693 0.288749 0.265773 0.244076 0.15863 0.0822083 0.0339946 0.0544344 0.0824598 0.111556 0.108679 0.0679066 0.0578519 0.0235373 0.14809 0.156304 0.161139 0.0797915 0.0108153 0.186367 0.213953 0.102503 0.103648 0.00507549 0.238469 0.298815 0.243568 0.244515 0.0969318 0.0222426 0.106925 0.267697 0.257876 0.164074 0.0468119 0.100393 0.203138 0.0706126 0.0648708 0.11394 0.163183 0.219102 0.321795 0.312233 0.291796 0.108312 0.0644054 0.329965 0.359418 0.39149 0.500626 
0.801855 0.81074 0.274233 0.0192878 0.405329 0.0475011 0.270029 0.467516 0.465108 0.286594 0.227096 0.0949653 0.265029 0.273857 0.4915 0.502961 0.508001 0.498422 0.414983 0.505297 0.499288 0.451456 0.343927 0.324964 0.155189 0.077919 0.197515 0.190852 0.16532 0.163155 0.122529 0.0657798 0 0.738588 0.227012 0.178037 0.111074 0.12879 0.18794 0.185457 0.196442 0.0183201 0.0581465 0.022229 0.0302496 0.0307657 0.264498 0.282989 0.30748 0.442655 0.515073 0.690462 0.656277 0.519402 0.443293 0.0982453 0.104035 0.101444 0.0982532 0.11528 0.385274 0.43068 0.429995 0.463184 0.841029 0.592499 0.682752 0.45939 0.273289 0.159144 0.140629 0.11966 0.0155259 0.253949 0.617292 0.531002 0.443502 0.22306 0.0567109 0.0649009 0.141383 0.24609 0.446859 0.462319 0.489105 0.65247 0.687287 0.647603 0.547622 0.538237 0.356809 0.185693 0.174833 0.0850952 0.188369 0.332438 0.79653 0.71418 0.427542 0.430435 0.212592 0.0692483 0.00705131 0.0487548 0.0606764 0.324299 0.120674 0.24069 0.599302 0.684834 0.656716 0.543392 0.262461 0.501576 0.390171 0.270919 0.17066 0.0804079 0.00685668 0.0842769 0.108271 0.103028 0.224821 0.243375 0.315754 0.407847 0.198055 0.289956 
0.628877 0.646392 0.351563 0.263963 0.199582 0.163628 0.0529431 0.167707 0.165123 0.0369993 0.048076 0.148802 0.0650674 0.0571469 0.162055 0.174986 0.185143 0.189755 0.100291 0.162908 0.146441 0.140115 0.0141585 0.000328729 0.117088 0.187283 0.184899 0.186702 0.215719 0.225689 0.266473 0.320177 0.738588 0 0.547283 0.516564 0.27458 0.262429 0.173914 0.179178 0.165312 0.289349 0.303347 0.348453 0.336991 0.254069 0.552834 0.555576 0.570607 0.689517 0.725964 0.696086 0.794783 0.681112 0.606027 0.219251 0.219084 0.227202 0.237294 0.250004 0.451495 0.492711 0.488988 0.516083 0.707602 0.632756 0.526197 0.429047 0.287251 0.232281 0.219008 0.130817 0.0723653 0.269617 0.541344 0.37304 0.324944 0.235861 0.157209 0.120776 0.156007 0.230163 0.376702 0.314099 0.336227 0.474119 0.493477 0.464446 0.355621 0.346619 0.238865 0.154904 0.149751 0.0659973 0.0935606 0.203026 0.571151 0.434699 0.229841 0.226203 0.0937758 0.0643317 0.0311774 0.0692598 0.0702239 0.270353 0.0101043 0.0605446 0.256078 0.455145 0.494577 0.502118 0.152708 0.302122 0.16863 0.0459053 0.145177 0.0982492 0.0204563 0.0916606 0.0560064 0.0298466 0.310429 0.148517 0.129717 0.151497 0.0549091 0.0419122 
